#$accelx, accely, accelz, gyrox, gyroy, gyroz, magx, magy, magz#

$6,-96,213,-9,32,37,-140,24,-448#

$5,-102,216,-13,28,35,-140,24,-448#

$1,-104,218,-13,34,32,-140,24,-448#

$13,-99,213,-12,34,32,-140,24,-448#

$11,-95,205,-11,30,34,-140,24,-448#

$11,-95,206,-15,34,36,-140,24,-448#

$0,-96,215,-16,36,30,-138,28,-451#

$0,-98,231,-9,26,35,-138,28,-451#

$0,-99,211,-14,35,35,-138,28,-451#

$5,-95,205,-16,29,39,-138,28,-451#

$17,-99,206,-13,22,34,-138,28,-451#

$8,-93,211,-19,22,36,-138,28,-451#

$-9,-97,229,-19,-26,31,-138,28,-451#

$51,-94,462,-9,7,36,-138,28,-451#

$-2,-96,211,-22,-1,36,-138,28,-451#

$5,-105,241,-9,6,38,-138,28,-451#

$-5,-105,213,-9,14,41,-138,28,-451#

$2,-100,216,-12,28,38,-138,28,-451#

$30,-113,249,9,17,49,-138,28,-451#

$23,-96,199,-7,25,50,-138,28,-451#

$39,-85,201,0,26,51,-138,28,-451#

$35,-96,191,-12,18,52,-138,28,-451#

$34,-96,197,-7,16,47,-138,28,-451#

$26,-102,206,-11,18,53,-138,28,-451#

$23,-104,207,-10,57,49,-138,28,-451#

$-93,-104,293,-1,8,15,-138,28,-451#

$-220,-85,209,-20,60,62,-134,32,-448#

$-27,-107,233,-12,32,45,-134,32,-448#

$19,-97,200,-16,35,44,-134,32,-448#

$-29,-114,222,-12,4,34,-134,32,-448#

$14,-117,188,-18,21,37,-134,32,-448#

$-16,-103,194,-12,20,32,-134,32,-448#

$52,-113,190,-2,46,39,-134,32,-448#

$3,-100,205,-14,27,22,-134,32,-448#

$13,-129,200,-2,44,29,-134,32,-448#

$13,-115,189,-18,71,19,-134,32,-448#

$-9,-122,226,6,33,18,-134,32,-448#

$-8,-121,216,-12,45,1,-134,32,-448#

$3,-111,214,-11,56,-3,-134,32,-448#

$30,-113,203,-11,80,-11,-134,32,-448#

$22,-114,193,-11,74,-15,-134,32,-448#

$31,-109,182,-12,68,-11,-134,32,-448#

$-2,-109,209,-7,52,-10,-134,32,-448#

$3,-110,214,0,36,-4,-134,32,-448#

$-2,-112,199,-12,28,5,-134,32,-448#

$1,-111,194,-4,28,8,-134,32,-448#

$-8,-99,206,-5,16,12,-141,37,-458#

$1,-96,196,-9,28,20,-141,37,-458#

$-15,-103,200,-15,1,18,-141,37,-458#

$-4,-111,191,-22,32,20,-141,37,-458#

$-5,-106,219,-16,13,30,-141,37,-458#

$45,-103,164,-38,83,35,-141,37,-458#

$-64,-111,267,-7,6,34,-141,37,-458#

$20,-111,195,-18,52,41,-141,37,-458#

$-10,-128,237,-14,25,31,-141,37,-458#

$34,-115,191,-13,35,31,-141,37,-458#

$44,-96,169,-22,44,26,-141,37,-458#

$42,-108,208,-8,20,27,-141,37,-458#

$23,-102,197,-2,49,30,-141,37,-458#

$17,-106,195,-20,42,24,-141,37,-458#

$-26,-107,246,4,31,21,-141,37,-458#

$8,-105,190,-9,58,22,-141,37,-458#

$23,-97,212,-9,65,36,-141,37,-458#

$-8,-98,221,-5,27,34,-141,37,-458#

$41,-90,201,-18,49,32,-141,37,-458#

$10,-100,217,-25,55,33,-141,37,-458#

$-7,-104,234,-14,23,40,-144,39,-460#

$32,-115,206,-22,65,34,-144,39,-460#

$-9,-101,191,-23,38,33,-144,39,-460#

$14,-100,181,-11,48,33,-144,39,-460#

$20,-108,194,-19,56,34,-144,39,-460#

$-238,-98,222,-12,34,26,-144,39,-460#

$-1,-118,197,-16,67,28,-144,39,-460#

$-3,-120,232,-9,45,38,-144,39,-460#

$-1,-103,230,-5,30,30,-144,39,-460#

$34,-104,179,-22,55,25,-144,39,-460#

$7,-114,209,-11,24,27,-144,39,-460#

$2,-119,193,-11,32,30,-144,39,-460#

$-12,-118,200,-21,62,22,-144,39,-460#

$-53,-119,255,11,-2,22,-144,39,-460#

$-3,-122,194,-1,33,24,-144,39,-460#

$-9,-109,211,-5,21,26,-144,39,-460#

$-25,-118,202,6,26,24,-144,39,-460#

$4,-110,224,4,20,27,-144,39,-460#

$-22,-84,192,-16,40,31,-144,39,-460#

$-8,-115,187,2,41,33,-144,39,-460#

$-31,-94,234,-8,30,37,-145,44,-466#

$6,-117,248,0,57,48,-145,44,-466#

$18,-121,235,-7,45,48,-145,44,-466#

$19,-107,211,-15,44,43,-145,44,-466#

$-13,-91,210,-28,32,28,-145,44,-466#

$2,-115,225,-21,26,24,-145,44,-466#

$-10,-103,211,-28,22,24,-145,44,-466#

$18,-105,204,-28,40,27,-145,44,-466#

$19,-102,225,-26,34,25,-145,44,-466#

$4,-120,284,-28,-34,13,-145,44,-466#

$41,-113,197,-33,18,15,-145,44,-466#

$-39,-70,274,-50,-7,2,-145,44,-466#

$-3,-101,243,-35,-10,7,-145,44,-466#

$-14,-107,198,-47,12,6,-145,44,-466#

$-25,-109,210,-38,-16,15,-145,44,-466#

$11,-120,208,-24,-2,12,-145,44,-466#

$-2,-119,223,-26,4,16,-145,44,-466#

$13,-116,211,-13,0,26,-145,44,-466#

$4,-97,205,-10,-3,28,-145,44,-466#

$14,-97,191,-18,7,31,-145,44,-466#

$27,-98,187,-17,16,37,-137,28,-449#

$28,-102,193,-13,30,43,-137,28,-449#

$27,-103,185,-12,51,55,-137,28,-449#

$38,-95,182,-15,77,63,-137,28,-449#

$32,-100,175,-15,107,72,-137,28,-449#

$27,-104,206,-19,123,81,-137,28,-449#

$44,-101,190,-27,142,84,-137,28,-449#

$13,-125,240,-5,82,67,-137,28,-449#

$-3,-96,0,-20,102,73,-137,28,-449#

$-14,-181,273,17,66,42,-137,28,-449#

$-1,-123,190,-2,96,27,-137,28,-449#

$-15,-106,173,27,97,18,-137,28,-449#

$-21,-92,167,15,115,17,-137,28,-449#

$-25,-97,202,18,88,13,-137,28,-449#

$-45,-112,234,1,56,4,-137,28,-449#

$-51,-111,234,-8,29,-7,-137,28,-449#

$-40,-110,223,-7,13,-16,-137,28,-449#

$-30,-97,190,-19,17,-18,-137,28,-449#

$-21,-98,206,-26,20,-12,-137,28,-449#

$-21,-99,228,-36,11,-9,-137,28,-449#

$-7,-102,204,-42,5,2,-133,27,-444#

$-21,-101,222,-40,-8,10,-133,27,-444#

$12,-115,203,-36,-8,15,-133,27,-444#

$26,-116,204,-28,-2,33,-133,27,-444#

$11,-124,187,-15,18,48,-133,27,-444#

$25,-119,200,-3,30,56,-133,27,-444#

$30,-121,189,5,54,57,-133,27,-444#

$27,-119,194,14,67,64,-133,27,-444#

$23,-120,185,16,82,68,-133,27,-444#

$35,-108,181,17,110,67,-133,27,-444#

$39,-109,189,10,133,73,-133,27,-444#

$-13,-130,209,8,112,51,-133,27,-444#

$54,-102,222,-4,110,56,-133,27,-444#

$-29,-119,220,-5,74,37,-133,27,-444#

$9,-107,206,-16,77,13,-133,27,-444#

$-56,-123,251,-13,42,1,-133,27,-444#

$-30,-104,200,-22,42,-15,-133,27,-444#

$-81,-94,206,-18,48,-12,-133,27,-444#

$-47,-98,192,-25,23,-12,-133,27,-444#

$-53,-94,204,-31,-17,-8,-133,27,-444#

$-44,-98,201,-41,-33,-15,-137,33,-452#

$-47,-92,214,-52,-65,-20,-137,33,-452#

$-22,-107,203,-58,-63,-21,-137,33,-452#

$-35,-107,224,-58,-30,-6,-137,33,-452#

$-39,-114,204,-43,-6,-3,-137,33,-452#

$12,-125,213,-26,20,28,-137,33,-452#

$28,-125,209,-16,29,51,-137,33,-452#

$48,-119,188,-7,24,65,-137,33,-452#

$36,-110,173,-12,25,72,-137,33,-452#

$20,-107,173,-13,26,74,-137,33,-452#

$-10,-102,152,-28,16,51,-137,33,-452#

$-10,-153,274,-4,6,57,-137,33,-452#

$-5,-151,218,-3,41,61,-137,33,-452#

$14,-130,193,-16,55,68,-137,33,-452#

$10,-90,159,-37,53,64,-137,33,-452#

$-7,-73,164,-46,41,54,-137,33,-452#

$-13,-85,209,-87,31,42,-137,33,-452#

$-22,-89,202,-92,21,23,-137,33,-452#

$-10,-120,305,-93,14,17,-137,33,-452#

$-56,-123,245,-83,-12,7,-137,33,-452#

$-35,-133,245,-75,-27,-7,-135,27,-436#

$254,-110,178,-79,25,-7,-135,27,-436#

$10,-129,219,-50,19,15,-135,27,-436#

$-6,-118,220,-57,-7,14,-135,27,-436#

$0,-111,209,-49,2,23,-135,27,-436#

$-8,-128,222,-51,-28,20,-135,27,-436#

$7,-126,230,-40,-38,24,-135,27,-436#

$17,-126,213,-32,-15,30,-135,27,-436#

$17,-122,210,-8,-6,35,-135,27,-436#

$28,-153,250,23,4,39,-135,27,-436#

$17,-152,221,34,27,43,-135,27,-436#

$21,-120,199,41,25,44,-135,27,-436#

$22,-95,174,49,24,57,-135,27,-436#

$9,-108,207,37,31,59,-135,27,-436#

$18,-104,193,24,32,61,-135,27,-436#

$8,-99,190,23,41,59,-135,27,-436#

$8,-109,187,3,53,59,-135,27,-436#

$-9,-119,203,-9,53,61,-135,27,-436#

$-12,-121,183,-23,44,57,-135,27,-436#

$-14,-135,209,-35,38,42,-135,27,-436#

$-23,-159,205,-30,34,31,-140,24,-436#

$-36,-154,186,-30,44,20,-140,24,-436#

$-15,-157,175,-36,47,17,-140,24,-436#

$-17,-195,203,-23,24,12,-140,24,-436#

$-60,-223,187,-4,7,11,-140,24,-436#

$-48,-208,172,9,-6,14,-140,24,-436#

$-19,-190,128,6,5,14,-140,24,-436#

$-2,-170,130,6,15,10,-140,24,-436#

$-2,-164,131,-9,29,17,-140,24,-436#

$1,-162,200,21,29,14,-140,24,-436#

$6,-85,202,-10,42,25,-140,24,-436#

$8,-67,197,-48,46,20,-140,24,-436#

$-2,-86,173,-65,39,22,-140,24,-436#

$7,-79,148,-86,44,24,-140,24,-436#

$10,-95,170,-118,55,29,-140,24,-436#

$13,-132,241,-116,60,36,-140,24,-436#

$-8,-151,265,-94,58,28,-140,24,-436#

$0,-137,223,-81,57,30,-140,24,-436#

$9,-104,182,-74,49,24,-140,24,-436#

$3,-97,207,-54,39,33,-140,24,-436#

$10,-141,506,-20,47,33,-127,22,-436#

$-14,-166,262,19,38,35,-127,22,-436#

$-2,-135,193,42,17,37,-127,22,-436#

$-4,-110,185,54,22,31,-127,22,-436#

$-10,-133,245,58,13,28,-127,22,-436#

$-10,-150,248,69,-1,26,-127,22,-436#

$4,-118,193,57,5,22,-127,22,-436#

$8,-80,175,41,16,23,-127,22,-436#

$-8,-85,186,26,1,29,-127,22,-436#

$9,-95,184,-2,23,25,-127,22,-436#

$2,-99,181,-20,49,27,-127,22,-436#

$14,-89,167,-35,40,23,-127,22,-436#

$19,-80,148,-60,39,24,-127,22,-436#

$0,-93,169,-79,51,21,-127,22,-436#

$-12,-118,196,-81,59,22,-127,22,-436#

$11,-134,212,-72,60,29,-127,22,-436#

$3,-125,223,-56,49,24,-127,22,-436#

$3,-123,246,-43,69,28,-127,22,-436#

$-7,-142,275,-12,57,26,-127,22,-436#

$-4,-150,273,29,32,24,-127,22,-436#

$-3,-123,239,43,37,22,-143,19,-433#

$-5,-113,215,61,31,22,-143,19,-433#

$1,-109,213,67,19,26,-143,19,-433#

$4,-101,200,69,13,21,-143,19,-433#

$9,-85,189,64,27,23,-143,19,-433#

$2,-74,184,48,35,27,-143,19,-433#

$6,-65,185,33,34,33,-143,19,-433#

$4,-60,191,7,44,34,-143,19,-433#

$7,-65,198,-16,49,35,-143,19,-433#

$8,-76,201,-40,45,39,-143,19,-433#

$5,-88,199,-52,51,36,-143,19,-433#

$0,-100,203,-64,59,35,-143,19,-433#

$-2,-121,200,-71,59,32,-143,19,-433#

$-7,-130,205,-69,54,33,-143,19,-433#

$-6,-142,207,-53,51,25,-143,19,-433#

$-16,-175,196,-37,44,18,-143,19,-433#

$-22,-187,143,-26,38,17,-143,19,-433#

$-25,-177,165,-45,37,23,-143,19,-433#

$-20,-175,170,-25,28,20,-143,19,-433#

$-12,-172,161,-23,29,24,-143,19,-433#

$-9,-153,174,-44,42,28,-138,18,-453#

$-12,-147,199,-23,44,31,-138,18,-453#

$-12,-160,236,-18,40,30,-138,18,-453#

$-24,-159,256,7,27,28,-138,18,-453#
